Photon    Incoher. Photoel. Nuclear  Electron Tot. wo/ 
Energy    Scatter. Absorb.  Pr. Prd. Pr. Prd. Coherent 

1.000E-03 5.916E-03 7.794E+03 0.000E+00 0.000E+00 7.794E+03 
1.035E-03 6.244E-03 7.245E+03 0.000E+00 0.000E+00 7.245E+03 
1.072E-03 6.586E-03 6.736E+03 0.000E+00 0.000E+00 6.736E+03 
1.072E-03 6.586E-03 7.021E+03 0.000E+00 0.000E+00 7.021E+03 
1.072E-03 6.586E-03 7.925E+03 0.000E+00 0.000E+00 7.925E+03 
1.072E-03 6.587E-03 7.021E+03 0.000E+00 0.000E+00 7.021E+03 
1.072E-03 6.587E-03 7.924E+03 0.000E+00 0.000E+00 7.924E+03 
1.500E-03 1.065E-02 3.801E+03 0.000E+00 0.000E+00 3.801E+03 
2.000E-03 1.541E-02 1.917E+03 0.000E+00 0.000E+00 1.917E+03 
3.000E-03 2.459E-02 7.003E+02 0.000E+00 0.000E+00 7.003E+02 
4.000E-03 3.292E-02 3.351E+02 0.000E+00 0.000E+00 3.352E+02 
4.557E-03 3.712E-02 2.387E+02 0.000E+00 0.000E+00 2.387E+02 
4.557E-03 3.712E-02 6.585E+02 0.000E+00 0.000E+00 6.585E+02 
4.702E-03 3.816E-02 6.166E+02 0.000E+00 0.000E+00 6.166E+02 
4.852E-03 3.923E-02 5.774E+02 0.000E+00 0.000E+00 5.775E+02 
4.852E-03 3.923E-02 7.719E+02 0.000E+00 0.000E+00 7.719E+02 
5.000E-03 4.026E-02 7.277E+02 0.000E+00 0.000E+00 7.277E+02 
5.188E-03 4.155E-02 6.611E+02 0.000E+00 0.000E+00 6.612E+02 
5.188E-03 4.155E-02 7.604E+02 0.000E+00 0.000E+00 7.604E+02 
6.000E-03 4.679E-02 5.297E+02 0.000E+00 0.000E+00 5.298E+02 
8.000E-03 5.799E-02 2.489E+02 0.000E+00 0.000E+00 2.489E+02 
1.000E-02 6.731E-02 1.375E+02 0.000E+00 0.000E+00 1.376E+02 
1.500E-02 8.410E-02 4.570E+01 0.000E+00 0.000E+00 4.578E+01 
2.000E-02 9.463E-02 2.062E+01 0.000E+00 0.000E+00 2.071E+01 
3.000E-02 1.067E-01 6.607E+00 0.000E+00 0.000E+00 6.714E+00 
3.317E-02 1.090E-01 4.972E+00 0.000E+00 0.000E+00 5.081E+00 
3.317E-02 1.090E-01 2.976E+01 0.000E+00 0.000E+00 2.987E+01 
4.000E-02 1.127E-01 1.824E+01 0.000E+00 0.000E+00 1.835E+01 
5.000E-02 1.157E-01 1.006E+01 0.000E+00 0.000E+00 1.018E+01 
6.000E-02 1.169E-01 6.111E+00 0.000E+00 0.000E+00 6.228E+00 
8.000E-02 1.165E-01 2.746E+00 0.000E+00 0.000E+00 2.863E+00 
1.000E-01 1.144E-01 1.462E+00 0.000E+00 0.000E+00 1.576E+00 
1.500E-01 1.071E-01 4.592E-01 0.000E+00 0.000E+00 5.663E-01 
2.000E-01 1.000E-01 2.019E-01 0.000E+00 0.000E+00 3.020E-01 
3.000E-01 8.860E-02 6.481E-02 0.000E+00 0.000E+00 1.534E-01 
4.000E-01 8.009E-02 2.987E-02 0.000E+00 0.000E+00 1.100E-01 
5.000E-01 7.351E-02 1.684E-02 0.000E+00 0.000E+00 9.035E-02 
6.000E-01 6.822E-02 1.079E-02 0.000E+00 0.000E+00 7.901E-02 
8.000E-01 6.012E-02 5.588E-03 0.000E+00 0.000E+00 6.571E-02 
1.000E+00 5.413E-02 3.491E-03 0.000E+00 0.000E+00 5.762E-02 
1.022E+00 5.355E-02 3.323E-03 0.000E+00 0.000E+00 5.687E-02 
1.250E+00 4.846E-02 2.240E-03 1.634E-04 0.000E+00 5.086E-02 
1.500E+00 4.407E-02 1.604E-03 7.594E-04 0.000E+00 4.644E-02 
2.000E+00 3.764E-02 9.761E-04 2.575E-03 0.000E+00 4.119E-02 
2.044E+00 3.717E-02 9.415E-04 2.751E-03 0.000E+00 4.087E-02 
3.000E+00 2.963E-02 5.178E-04 6.518E-03 1.036E-05 3.668E-02 
4.000E+00 2.472E-02 3.428E-04 1.001E-02 4.228E-05 3.512E-02 
5.000E+00 2.135E-02 2.535E-04 1.303E-02 8.417E-05 3.472E-02 
6.000E+00 1.887E-02 2.000E-04 1.563E-02 1.291E-04 3.484E-02 
7.000E+00 1.697E-02 1.647E-04 1.795E-02 1.739E-04 3.526E-02 
8.000E+00 1.544E-02 1.398E-04 2.004E-02 2.173E-04 3.584E-02 
9.000E+00 1.420E-02 1.212E-04 2.193E-02 2.589E-04 3.650E-02 
1.000E+01 1.315E-02 1.069E-04 2.366E-02 2.983E-04 3.722E-02 
1.100E+01 1.227E-02 9.565E-05 2.526E-02 3.356E-04 3.795E-02 
1.200E+01 1.150E-02 8.648E-05 2.673E-02 3.708E-04 3.869E-02 
1.300E+01 1.084E-02 7.888E-05 2.811E-02 4.040E-04 3.943E-02 
1.400E+01 1.025E-02 7.249E-05 2.937E-02 4.355E-04 4.013E-02 
1.500E+01 9.737E-03 6.706E-05 3.054E-02 4.654E-04 4.081E-02 
1.600E+01 9.271E-03 6.240E-05 3.163E-02 4.939E-04 4.146E-02 
1.800E+01 8.471E-03 5.472E-05 3.362E-02 5.462E-04 4.269E-02 
2.000E+01 7.811E-03 4.873E-05 3.540E-02 5.942E-04 4.385E-02 