6.5682e+05
223
235
230
213
201
223
238
199
216
201
201
229
231
223
232
228
203
239
220
214
218
211
213
207
264
212
205
204
214
201
200
231
211
222
186
236
203
225
215
194
220
230
224
207
214
214
224
230
217
201
203
219
215
245
250
228
210
212
227
236
194
221
208
241
222
211
245
213
216
213
236
231
225
237
233
230
201
221
215
219
240
203
220
246
195
245
226
213
230
216
221
220
225
203
202
206
233
206
196
221
216
210
209
211
215
226
230
207
202
221
227
201
214
223
226
211
211
208
223
231
224
230
228
236
207
239
228
215
216
214
214
191
210
221
219
229
211
203
211
195
202
224
225
227
205
203
219
192
217
244
208
229
191
224
225
219
226
222
219
226
213
208
201
247
237
215
219
202
214
211
222
222
229
229
204
221
232
216
210
221
226
196
192
211
230
214
190
230
235
230
201
222
214
204
216
236
223
212
215
221
221
260
228
236
234
227
221
208
226
246
233
252
255
247
248
272
237
288
260
233
264
271
214
188
207
241
216
235
233
212
242
233
214
219
233
232
236
226
230
208
212
220
206
198
234
233
243
205
250
203
228
187
235
226
230
206
213
235
259
259
228
234
210
237
226
234
214
221
196
244
201
224
245
252
227
219
228
213
199
222
222
235
208
224
212
226
244
262
213
219
256
227
193
214
218
214
222
222
243
212
252
232
238
226
232
236
234
225
226
245
252
236
212
235
224
239
233
238
236
208
229
223
229
228
234
232
238
211
254
209
228
223
245
256
215
223
218
204
233
228
253
227
257
247
258
227
224
256
245
257
237
230
221
243
240
244
211
236
246
221
234
233
244
244
245
257
262
235
253
228
212
249
248
239
226
238
227
239
252
255
240
267
258
234
240
248
251
243
252
227
215
219
238
241
230
233
243
245
251
235
228
262
283
255
249
240
263
226
269
241
226
230
240
280
258
256
241
240
287
240
264
268
247
224
254
225
250
271
227
259
256
244
266
247
252
257
258
228
250
283
254
260
233
250
253
259
245
257
252
262
253
280
263
253
233
270
266
276
245
266
257
249
245
259
263
245
249
257
271
272
237
272
260
257
280
254
285
262
281
268
271
253
244
239
275
229
261
251
267
275
284
280
244
259
262
293
272
267
247
279
273
272
273
291
248
275
272
287
279
294
289
274
292
279
243
283
267
289
260
263
270
306
271
265
308
272
292
296
267
306
311
320
293
271
273
302
276
278
307
285
300
300
304
292
276
298
291
312
318
321
277
326
344
269
303
310
307
271
319
304
314
328
328
291
340
357
373
320
334
388
360
364
344
369
366
392
381
362
346
329
337
317
358
320
315
346
339
339
333
306
371
326
329
316
337
319
338
341
305
311
322
315
322
374
346
355
315
388
348
342
327
350
349
343
313
328
376
346
341
342
331
362
334
364
347
321
344
373
368
362
397
374
389
392
356
344
367
379
362
384
381
368
368
414
405
379
390
328
418
335
407
388
388
372
368
375
410
407
418
399
442
342
413
413
422
422
399
453
361
426
416
413
409
378
425
428
374
389
461
454
407
440
435
436
416
419
437
443
442
414
450
427
454
427
458
464
485
447
450
469
503
464
440
510
472
517
443
449
507
514
476
465
481
493
485
484
476
487
487
462
472
481
529
534
516
508
480
507
520
476
532
492
530
509
515
522
520
508
480
535
507
517
539
497
529
470
516
536
468
512
498
520
529
517
512
501
508
484
546
567
559
541
525
536
565
521
587
563
596
550
565
527
524
498
466
461
449
407
396
361
328
292
241
244
226
182
190
134
159
146
122
89
94
113
85
89
102
74
102
92
73
69
72
67
78
55
64
51
60
65
45
59
41
30
42
34
30
33
38
35
30
33
27
19
29
25
21
23
13
14
19
23
15
6
10
13
10
12
5
8
6
3
8
4
9
10
5
5
2
3
3
2
2
6
0
0
1
3
1
0
0
1
0
0
0
0
1
0
0
0
0
0
0
1
1
0
0
0
0
0
0
0
0
0
0
0
0
0
0
0
0
0
0
0
0
0
0
0
0
0
0
0
0
0
1
2
2
4
15
15
49
63
106
175
298
459
677
956
1393
1886
2491
3265
4203
5028
5737
6660
7249
7671
8035
7890
7814
7207
6628
5788
5005
4091
3281
2591
1900
1403
973
700
418
314
164
118
72
39
14
16
4
2
1
0
0
0
0
0
0
0
0
0
0
0
0
0
0
0
0
0
0
0
0
0
0
0
0
0
0
0
0
0
0
0
0
0
0
0
0
0
0
0
0
0
0
0
0
0
0
0
0
0
0
0
0
0
0
0
0
0
0
0
0
0
0
0
0
0
0
0
0
0
0
